service_id,monday,tuesday,wednesday,thursday,friday,saturday,sunday,start_date,end_date
2001,0,0,1,1,1,1,0,20230501,20230507
2002,1,1,1,1,1,0,0,20230918,20230924
2003,1,1,1,1,1,0,0,20231016,20231022
2004,0,0,0,0,0,1,1,20230508,20230521
2005,0,0,0,0,1,1,1,20230807,20230813
2006,1,1,1,1,1,1,1,20230522,20230730
2007,1,0,0,0,0,0,0,20230731,20230806
2008,0,1,1,1,1,0,0,20230904,20231022
2009,0,1,1,1,1,1,0,20231204,20231210
2010,1,1,1,1,1,1,1,20230424,20230611
2011,1,1,1,1,1,0,0,20230626,20230702
2012,1,1,1,1,1,1,1,20230703,20230709
2013,0,0,0,0,0,0,1,20230710,20230827
2014,1,1,1,1,1,0,0,20230612,20230813
2015,1,1,1,1,1,1,0,20230508,20230521
2016,1,1,1,1,1,1,1,20231016,20231022
2017,1,1,1,1,1,1,0,20230605,20230903
2018,1,1,1,1,1,0,1,20230529,20230903
2019,0,0,0,0,1,0,1,20230904,20230910
2020,1,1,0,0,0,0,0,20230904,20230910
2021,1,1,1,1,1,1,1,20230904,20231203
2022,1,1,1,1,1,0,0,20230501,20230507
2023,0,0,0,0,1,1,1,20230828,20230903
2024,0,0,0,0,0,0,1,20230612,20230827
2025,0,0,0,0,0,1,0,20230529,20231015
2026,0,0,0,0,0,1,0,20231023,20231029
2027,0,0,1,0,0,1,0,20231030,20231105
2028,1,1,1,1,1,1,1,20230424,20230806
2029,0,0,0,0,0,1,1,20230904,20231022
2030,1,1,1,0,0,0,0,20231030,20231105
2031,1,1,1,1,1,1,1,20230522,20230827
2032,1,1,0,0,0,0,0,20231030,20231105
2033,1,1,1,1,1,1,1,20230814,20231029
2034,0,0,0,0,0,0,1,20230501,20230521
2035,1,0,0,0,0,0,0,20230828,20230903
2036,1,1,1,1,1,0,0,20230828,20230924
2037,0,0,0,0,0,1,1,20230828,20230924
2038,0,0,0,0,1,1,1,20230515,20230528
2039,1,1,1,1,1,1,1,20230529,20231203
2040,1,1,1,1,1,1,1,20230605,20231203
2041,0,0,0,0,0,1,0,20230717,20230723
2042,0,0,0,0,0,1,0,20230612,20230618
2043,1,1,1,1,1,1,1,20230918,20231203
2044,0,1,0,0,0,0,0,20230501,20230507
2045,1,1,1,1,1,1,1,20230508,20230514
2046,0,0,0,0,0,1,1,20230515,20230521
2047,0,0,0,0,0,0,1,20230807,20231022
2048,1,1,1,1,1,0,0,20230814,20231022
2049,0,0,0,0,0,1,1,20230605,20230903
2050,1,1,1,0,0,1,1,20230925,20231001
2051,1,1,1,1,1,1,1,20230619,20230709
2052,1,1,0,0,0,0,1,20230710,20230716
2053,0,0,0,1,1,1,1,20230710,20230716
2054,1,1,1,1,1,1,1,20230424,20230716
2055,0,0,0,0,0,1,1,20230911,20230917
2056,1,1,1,1,1,1,0,20230515,20230528
2057,1,1,1,1,1,1,0,20230925,20231015
2058,1,1,1,1,1,1,0,20230605,20231015
2059,1,1,1,1,1,1,1,20230626,20230820
2060,1,1,1,1,1,1,1,20230515,20230528
2061,1,1,1,1,1,1,1,20230605,20230611
2062,0,1,1,1,1,0,0,20230612,20230618
2063,1,1,0,0,0,1,1,20230612,20230618
2064,1,1,1,1,0,1,1,20230501,20230611
2065,1,1,1,1,1,1,1,20230703,20230716
2066,0,0,0,0,1,1,0,20230710,20230716
2067,0,0,1,1,0,0,0,20230710,20230716
2068,1,1,1,1,1,0,1,20230717,20230827
2069,1,1,0,0,1,1,1,20230529,20230604
2070,1,1,1,1,1,0,1,20230904,20231015
2071,0,0,0,0,1,1,1,20230424,20230430
2072,0,0,0,0,0,1,1,20231030,20231203
2073,1,0,1,1,1,1,1,20230918,20230924
2074,1,1,1,1,1,1,0,20230717,20230723
2075,1,1,0,1,1,1,1,20230911,20230917
2076,1,1,0,0,0,0,1,20230626,20230702
2077,1,1,1,1,0,0,0,20230703,20230820
2078,0,0,0,0,0,0,1,20230717,20230723
2079,0,0,0,0,0,0,1,20230619,20230827
2080,1,1,0,0,1,0,0,20230605,20230611
2081,0,0,1,1,1,0,0,20230529,20230604
2082,0,1,1,0,0,0,0,20230619,20230625
2083,1,1,1,1,1,0,0,20230619,20230716
2084,0,1,1,1,0,0,0,20230821,20230827
2085,1,1,1,1,1,1,1,20230717,20231029
2086,1,0,0,1,1,1,1,20230619,20230625
2087,1,0,0,1,1,1,1,20230828,20230903
2088,1,1,1,1,1,0,1,20230904,20230910
2089,0,0,0,0,1,0,1,20230911,20230917
2090,0,1,1,1,1,0,0,20230703,20230709
2091,1,1,1,1,1,1,1,20230619,20230716
2092,1,1,1,1,1,1,0,20231106,20231112
2093,1,1,1,1,0,1,0,20231113,20231119
2094,0,0,0,0,0,1,1,20230612,20231022
2095,0,0,0,0,1,1,0,20230529,20230604
2096,1,0,0,0,0,0,1,20230904,20230917
2097,0,1,1,1,1,1,0,20230904,20230917
2098,1,0,0,0,0,1,1,20230612,20230618
2099,1,1,1,1,1,0,1,20230703,20230709
2100,1,1,1,1,1,0,0,20230501,20230514
2101,1,1,1,1,0,0,1,20230501,20230507
2102,1,1,1,1,1,1,0,20230703,20230709
2103,0,0,0,1,1,1,0,20230807,20230827
2104,0,0,0,0,0,1,1,20230703,20230730
2105,1,1,1,1,1,1,0,20230918,20230924
2106,0,1,1,1,1,1,1,20230703,20230709
2107,1,0,0,0,0,1,1,20230508,20230514
2108,1,0,0,0,0,0,0,20230605,20231022
2109,1,1,1,1,1,0,0,20230703,20230813
2110,0,0,0,1,1,1,0,20230501,20230521
2111,0,0,0,0,1,0,0,20230925,20231001
2112,0,0,0,1,1,1,0,20230626,20230702
2113,1,0,1,1,1,0,0,20230529,20230604
2114,0,1,1,1,1,1,1,20231030,20231203
2115,0,0,0,0,0,0,1,20230821,20230910
2116,0,0,1,1,1,1,1,20231016,20231022
2117,1,0,0,0,0,0,1,20230515,20230521
2118,1,1,1,1,1,1,1,20231113,20231203
2119,1,1,1,1,0,0,0,20230501,20230521
2120,0,0,0,0,1,1,1,20230828,20230910
2121,0,0,0,0,1,0,0,20230515,20230521
2122,1,0,0,0,0,0,0,20230911,20230917
2123,0,1,1,1,1,0,1,20230501,20230507
2124,1,0,1,1,1,1,1,20231016,20231022
2125,0,1,1,1,1,1,1,20230626,20230702
2126,0,1,1,1,1,1,0,20230626,20230702
2127,1,1,0,1,1,1,1,20230424,20230430
2128,1,0,0,0,0,0,0,20230515,20230521
2129,1,0,0,0,1,1,0,20230911,20230917
2130,1,1,1,1,1,1,1,20230814,20230924
2131,1,1,1,1,1,0,0,20230703,20230924
2132,1,1,1,1,1,1,1,20230703,20230910
2133,0,0,0,0,0,1,1,20230508,20230528
2134,1,1,1,1,1,0,0,20230424,20230430
2135,1,1,0,1,1,0,0,20231030,20231105
2136,1,1,1,1,1,1,1,20230424,20230604
2137,0,0,0,1,1,1,1,20230619,20230625
2138,1,1,1,1,1,0,1,20230828,20230917
2139,0,0,0,0,0,1,1,20230828,20231022
2140,1,1,1,1,1,0,1,20230828,20231015
2141,0,0,0,0,1,0,0,20230424,20231210
2142,0,0,0,0,0,0,1,20230605,20231015
2143,1,0,0,0,0,0,1,20231023,20231029
2144,1,1,1,1,1,1,0,20230821,20231015
2145,0,0,1,1,0,0,0,20230814,20230820
2146,1,1,1,1,1,1,0,20230508,20230528
2147,1,0,0,0,0,1,0,20230904,20230910
2148,1,1,1,1,1,0,1,20230911,20231015
2149,1,1,1,1,1,0,0,20230814,20230827
2150,0,0,0,0,0,1,1,20230612,20230827
2151,1,1,1,1,1,1,1,20230703,20231203
2152,1,1,1,1,0,0,0,20230605,20230611
2153,0,0,0,0,0,0,1,20230626,20230709
2154,0,0,0,0,0,1,1,20230828,20230903
2155,1,1,1,1,1,0,0,20230904,20231022
2156,0,0,1,0,0,0,0,20230904,20230910
2157,1,0,0,0,0,0,0,20230501,20230507
2158,1,1,1,1,1,1,1,20230619,20230827
2159,1,1,1,1,1,1,1,20230424,20231029
2160,0,0,0,0,0,1,1,20230508,20230514
2161,1,1,1,1,1,1,1,20230508,20230521
2162,1,1,1,1,1,0,0,20230501,20230521
2163,1,1,1,1,1,1,1,20230515,20230611
2164,0,0,0,0,1,0,0,20230612,20230618
2165,0,0,0,0,1,1,1,20230828,20230924
2166,1,1,1,1,1,0,1,20230508,20230521
2167,0,0,0,0,1,1,0,20230515,20230521
2168,0,0,0,0,0,0,1,20230821,20230903
2169,1,1,1,1,1,1,0,20230605,20230827
2170,0,0,0,0,1,0,0,20230911,20230917
2171,1,0,0,0,0,0,0,20230911,20230924
2172,1,1,0,0,0,1,1,20230501,20230507
2173,1,1,1,1,1,1,0,20230522,20230528
2174,1,1,1,1,1,0,1,20230529,20230611
2175,0,0,0,0,0,0,1,20230911,20230924
2176,0,0,0,0,0,1,0,20230918,20230924
2177,1,1,1,1,1,1,0,20230605,20231022
2178,1,1,1,1,1,1,1,20230619,20230702
2179,0,0,0,0,0,0,1,20230522,20230528
2180,0,0,1,0,0,0,0,20230626,20230702
2181,0,1,1,0,0,0,0,20230918,20230924
2182,1,1,0,0,0,0,0,20230821,20230827
2183,1,1,1,1,1,1,1,20230710,20230820
2184,0,0,0,0,0,1,0,20230529,20230604
2185,0,1,1,1,1,0,0,20230807,20230813
2186,0,0,0,0,1,0,0,20230522,20230806
2187,0,0,0,0,1,0,0,20230911,20230924
2188,1,0,1,1,1,1,1,20230619,20230702
2189,1,1,1,1,1,1,1,20230515,20230521
2190,0,0,1,1,1,1,1,20230828,20230903
2191,1,1,1,0,0,1,1,20230904,20230910
2192,1,1,1,1,1,1,1,20230612,20230827
2193,1,1,1,1,1,1,1,20230424,20230709
2194,1,1,1,1,0,0,0,20230424,20230430
2195,1,1,1,1,1,1,1,20230626,20230827
2196,0,0,0,0,0,1,1,20230814,20231022
2197,0,0,0,0,0,1,1,20230717,20230723
2198,0,0,0,0,0,1,1,20230710,20230827
2199,0,0,0,0,1,1,1,20230605,20230618
2200,0,0,1,1,0,0,0,20230619,20230625
2201,1,0,0,0,1,1,1,20231023,20231029
2202,0,0,1,0,1,1,1,20231030,20231105
2203,0,1,1,1,1,1,1,20230522,20230528
2204,1,0,1,1,1,0,0,20230814,20230820
2205,0,0,0,0,0,1,0,20230731,20230806
2206,1,1,1,1,1,0,0,20230904,20230910
2207,1,0,0,0,0,1,0,20230501,20230507
2208,1,1,1,1,1,1,1,20230717,20230723
2209,1,0,0,0,0,0,0,20230508,20230514
2210,0,0,1,0,0,0,0,20230911,20230917
2211,1,1,1,0,0,0,1,20230619,20230625
2212,1,1,1,0,0,0,0,20230821,20230827
2213,0,1,0,0,1,0,0,20230501,20230507
2214,1,1,1,0,0,0,1,20230821,20230917
2215,1,0,0,0,1,1,1,20230424,20230430
2216,0,0,0,0,1,0,0,20230515,20231210
2217,1,1,0,0,0,0,0,20230925,20231001
2218,1,1,1,1,1,0,1,20230508,20230514
2219,1,1,1,1,0,0,1,20230515,20230521
2220,1,1,1,1,0,1,1,20230424,20230521
2221,1,0,0,1,1,1,1,20230731,20230806
2222,1,1,1,0,0,0,0,20230828,20230924
2223,0,0,1,1,1,1,1,20230731,20230806
2224,0,1,1,1,1,1,1,20230424,20230430
2225,1,1,1,1,0,0,1,20231002,20231015
2226,1,1,1,1,1,1,0,20230605,20230702
2227,1,1,1,1,1,0,1,20230918,20231015
2228,1,1,1,1,1,1,0,20230710,20230806
2229,1,1,1,1,1,0,0,20230612,20230702
2230,0,0,1,1,1,0,0,20230703,20230709
2231,1,1,1,1,1,0,0,20230619,20230813
2232,0,1,0,1,0,0,0,20230612,20230618
2233,0,1,0,0,1,0,0,20230612,20230618
2234,1,1,0,1,1,1,0,20230703,20230709
2235,1,1,1,1,1,0,0,20230703,20231022
2236,1,1,1,1,1,1,1,20230619,20230903
2237,0,0,0,0,0,0,1,20230828,20230903
2238,1,1,1,1,1,0,0,20230515,20230521
2239,0,1,1,0,0,0,0,20230821,20230827
2240,1,1,1,1,1,0,0,20230605,20230917
2241,0,1,1,1,1,1,0,20230918,20230924
2242,1,1,1,1,0,1,1,20230424,20231203
2243,1,1,1,1,1,1,1,20230605,20230820
2244,1,0,1,1,0,0,1,20230529,20230604
2245,0,1,1,1,1,1,0,20230522,20230604
2246,1,1,1,1,1,1,1,20230501,20230528
2247,0,0,1,1,1,0,0,20230619,20230625
2248,0,0,0,0,0,1,1,20230703,20231022
2249,0,0,0,0,0,0,1,20230605,20230730
2250,0,0,0,1,0,0,0,20230522,20230528
2251,1,1,1,1,1,1,1,20230529,20230730
2252,0,0,1,0,0,0,0,20230807,20230813
2253,1,0,0,1,1,0,0,20230626,20230702
2254,0,0,0,1,1,1,0,20231023,20231029
2255,0,0,1,1,1,0,0,20230703,20230716
2256,0,0,0,0,1,1,1,20230717,20230723
2257,1,1,1,1,1,1,1,20230619,20231029
2258,1,1,1,1,1,1,1,20230515,20230730
2259,1,0,0,0,0,0,0,20230619,20230625
2260,1,1,1,1,1,1,0,20230703,20230820
2261,0,0,0,1,1,1,0,20230515,20230521
2262,1,0,0,0,0,1,0,20230807,20230813
2263,1,1,1,1,0,0,0,20231023,20231029
2264,1,1,1,1,1,1,0,20230703,20230806
2265,0,0,0,0,0,0,1,20230626,20230806
2266,0,0,0,0,1,0,0,20231204,20231210
2267,1,1,1,1,1,1,0,20230821,20230910
2268,1,1,1,1,1,0,1,20230911,20231022
2269,1,1,1,0,1,0,0,20231204,20231210
2270,0,0,0,0,0,1,0,20230626,20230806
2271,0,0,0,0,0,1,0,20231030,20231203
2272,0,0,0,1,0,0,1,20230515,20230521
2273,1,1,1,0,0,1,1,20230821,20230827
2274,1,1,1,1,1,1,1,20231002,20231008
2275,0,0,0,1,1,1,1,20231009,20231015
2276,1,1,1,1,0,0,0,20230828,20230910
2277,0,1,1,1,0,0,1,20230501,20230507
2278,1,1,1,1,1,1,1,20230918,20231105
2279,1,1,1,1,1,0,1,20230821,20230910
2280,1,0,0,0,0,1,0,20230814,20230820
2281,0,0,0,0,1,1,1,20230508,20230514
2282,1,1,1,1,1,1,1,20230911,20231015
2283,0,1,0,0,0,0,0,20231016,20231022
2284,0,0,1,1,1,1,1,20230529,20230604
2285,1,1,1,1,1,1,1,20230717,20230820
2286,1,1,1,1,1,1,1,20230703,20230924
2287,1,0,0,0,0,0,1,20230904,20230910
2288,1,1,1,1,0,0,1,20230911,20231015
2289,0,1,1,1,1,0,0,20230925,20231001
2290,1,1,1,1,0,1,0,20230925,20231001
2291,1,1,1,1,1,1,0,20231002,20231022
2292,1,0,0,0,0,1,1,20231023,20231029
2293,1,1,1,1,1,1,0,20231204,20231210
2294,1,1,1,1,1,0,0,20230508,20230528
2295,1,1,1,1,1,1,1,20230424,20230430
2296,0,1,1,0,0,0,0,20230424,20230430
2297,0,0,0,0,0,0,1,20230918,20230924
2298,1,1,1,1,1,1,1,20230828,20231203
2299,0,0,0,0,0,1,1,20231106,20231203
2300,0,0,0,0,0,1,1,20230612,20230618
2301,1,1,1,1,1,1,1,20230911,20231203
2302,1,1,1,1,1,1,1,20230522,20230528
2303,1,1,1,1,1,1,0,20231030,20231210
2304,0,0,1,0,0,0,0,20230814,20230820
2305,0,1,1,1,1,0,0,20230731,20230806
2306,1,1,1,1,0,1,0,20231204,20231210
2307,1,1,0,0,0,0,0,20230828,20230903
2308,0,1,0,0,0,0,0,20230904,20230910
2309,0,0,0,0,1,0,0,20230904,20230910
2310,1,1,1,1,1,1,1,20230703,20230813
2311,0,0,1,0,0,0,1,20231030,20231105
2312,1,1,1,1,1,0,0,20230605,20230618
2313,0,0,1,1,0,0,0,20230828,20230903
2314,0,0,0,1,0,0,0,20230904,20230910
2315,0,0,0,0,1,1,1,20230501,20230507
2316,0,0,0,0,0,1,1,20230522,20230528
2317,0,0,0,0,0,1,1,20231016,20231022
2318,0,0,0,0,0,1,1,20230501,20230521
2319,1,1,1,1,1,0,0,20230508,20230521
2320,0,0,1,1,1,0,0,20230501,20230507
2321,1,1,1,1,1,0,0,20230619,20230827
2322,1,1,0,1,1,1,1,20231030,20231105
2323,1,1,1,1,1,1,1,20231106,20231203
2324,0,0,0,0,0,1,1,20230828,20230910
2325,1,0,0,0,1,1,1,20230529,20230604
2326,0,1,0,0,0,0,0,20230424,20230430
2327,1,1,1,0,0,0,1,20230522,20230528
2328,0,0,1,0,0,0,0,20230529,20230604
2329,1,1,1,1,1,1,1,20231016,20231203
2330,0,0,0,0,0,0,1,20230612,20230618
2331,0,0,0,0,1,1,0,20230619,20230827
2332,0,0,0,1,1,0,0,20230904,20230910
2333,1,1,1,1,1,1,1,20230529,20230910
2334,0,1,1,1,1,0,0,20230515,20230521
2335,1,1,1,1,1,1,1,20230529,20230702
2336,1,1,1,1,1,0,0,20230703,20230709
2337,1,1,1,1,1,1,0,20230814,20230910
2338,0,0,0,0,1,0,0,20230522,20230528
2339,0,1,0,0,0,0,0,20230612,20230618
2340,1,0,0,0,0,0,0,20230612,20230618
2341,0,0,0,1,0,0,0,20230626,20230702
2342,0,0,0,1,0,0,0,20230821,20230827
2343,0,0,0,0,0,1,1,20230703,20230709
2344,0,0,0,1,1,0,0,20230925,20231001
2345,1,1,1,1,1,1,1,20230501,20230917
2346,1,1,1,1,1,0,0,20230828,20230917
2347,1,0,0,1,1,1,0,20230918,20230924
2348,1,1,1,1,1,1,1,20230828,20230917
2349,1,1,1,1,1,1,1,20230717,20230827
2350,0,0,0,0,0,0,1,20230703,20230709
2351,0,0,0,0,0,0,1,20230828,20230924
2352,1,1,1,1,1,1,0,20230717,20231022
2353,1,1,1,1,1,1,1,20230515,20230903
2354,0,0,0,0,0,0,1,20230731,20230806
2355,1,1,1,1,1,0,0,20230605,20230827
2356,0,0,0,0,0,0,1,20230918,20231015
2357,1,1,1,1,1,1,1,20230529,20230924
2358,0,0,0,0,0,1,1,20230612,20230730
2359,1,1,1,1,1,1,1,20230501,20230611
2360,1,1,1,1,0,0,1,20230904,20230910
2361,1,1,1,1,1,1,1,20230717,20230806
2362,0,0,0,1,1,1,0,20230717,20230723
2363,1,1,0,0,0,0,0,20230717,20230723
2364,0,0,1,1,0,0,0,20230529,20230604
2365,1,1,1,1,1,0,0,20230619,20230625
2366,0,0,1,1,1,1,1,20231030,20231105
2367,0,0,0,0,1,1,0,20230807,20230813
2368,0,0,0,0,0,1,1,20230807,20230813
2369,0,0,0,0,0,1,1,20230605,20230716
2370,1,1,1,1,1,1,1,20230717,20230730
2371,1,0,0,0,0,1,1,20230605,20230618
2372,0,1,1,1,1,0,0,20230605,20230611
2373,1,0,0,0,1,1,1,20230501,20230507
2374,0,0,0,0,1,1,1,20230508,20230528
2375,0,0,0,0,0,1,1,20230821,20231022
2376,1,1,1,0,0,0,1,20230828,20230917
2377,1,1,0,0,0,0,0,20230703,20230716
2378,0,1,0,0,0,0,0,20230911,20230917
2379,1,1,1,0,0,0,1,20230703,20230820
2380,1,0,1,1,1,1,1,20230911,20230917
2381,1,1,1,1,0,0,0,20230619,20230625
2382,0,0,0,0,0,0,1,20230724,20230730
2383,1,1,1,1,1,0,1,20230807,20230813
2384,1,1,1,1,0,0,1,20230807,20230813
2385,1,0,0,1,1,1,1,20230501,20230507
2386,1,1,1,1,1,1,0,20230612,20230618
2387,0,0,0,0,1,0,0,20230508,20230514
2388,1,1,1,1,1,1,1,20230515,20230917
2389,1,1,1,1,1,1,1,20230626,20231029
2390,1,1,1,1,1,0,0,20230703,20230716
2391,1,1,1,1,0,0,0,20230703,20230716
2392,0,1,0,0,0,0,0,20231030,20231105
2393,1,1,1,1,0,0,1,20231023,20231029
2394,1,1,1,1,0,0,0,20230508,20230514
2395,1,1,1,1,1,0,1,20230529,20230702
2396,1,1,1,1,1,0,0,20230731,20230813
2397,0,1,0,1,0,0,1,20230828,20230924
2398,0,1,0,0,1,0,1,20230619,20230827
2399,0,0,0,0,0,0,1,20230605,20230618
2400,1,1,1,1,1,0,1,20230619,20230709
2401,0,0,0,0,0,1,0,20230515,20230521
2402,1,1,1,1,1,1,1,20230605,20230827
2403,1,1,1,1,1,1,0,20230828,20230917
2404,0,0,0,0,0,1,0,20230605,20230611
2405,1,0,1,0,0,1,0,20230626,20230827
2406,1,1,0,0,1,1,1,20230522,20230528
2407,1,1,1,0,0,0,0,20230522,20230528
2408,1,0,0,0,1,0,0,20230911,20230917
2409,0,0,0,0,0,1,0,20230501,20230514
2410,1,1,1,1,1,0,1,20230821,20230827
2411,1,1,1,0,1,1,1,20230522,20230528
2412,1,1,1,1,1,1,0,20230717,20231015
2413,1,1,1,1,1,1,1,20230501,20230514
2414,1,1,1,1,0,0,0,20230904,20230917
2415,1,1,1,1,1,1,1,20230501,20230604
2416,0,0,1,1,1,1,1,20230605,20230611
2417,0,0,0,0,0,0,1,20230619,20231022
2418,0,0,1,1,1,1,1,20230904,20230910
2419,1,0,0,0,0,1,1,20230703,20230709
2420,0,0,0,0,0,1,1,20230710,20230730
2421,1,1,1,1,1,1,1,20230731,20231203
2422,1,1,0,0,1,0,0,20230522,20230528
2423,1,1,1,1,1,1,1,20230605,20230917
2424,0,1,0,1,1,1,0,20231030,20231105
2425,1,1,1,1,1,0,0,20230605,20230702
2426,0,1,1,0,0,0,0,20230814,20230820
2427,0,0,0,0,1,1,1,20230918,20230924
2428,1,1,1,1,0,0,1,20230619,20230625
2429,1,1,1,1,1,1,1,20230703,20230827
2430,1,1,1,0,0,0,0,20230605,20230611
2431,1,1,1,1,1,1,0,20230807,20230813
2432,0,0,0,1,1,0,0,20230605,20230611
2433,0,0,0,0,1,1,1,20231023,20231029
2434,0,0,1,0,0,1,0,20231023,20231029
2435,1,1,1,1,1,0,0,20230724,20230730
2436,1,1,1,0,0,0,0,20230612,20230618
2437,1,1,1,1,1,1,0,20230828,20230903
2438,0,0,0,0,1,1,1,20230814,20230820
2439,0,1,1,0,0,0,0,20230703,20230730
2440,1,0,0,0,0,0,0,20230821,20230827
2441,1,1,0,1,1,0,1,20230515,20230521
2442,1,1,1,1,1,1,1,20230703,20230903
2443,0,0,0,0,1,0,1,20230731,20231015
2444,0,1,1,1,1,1,1,20230724,20230730
2445,1,1,1,1,1,1,0,20230605,20230910
2446,1,1,1,1,1,0,0,20230529,20230604
2447,1,0,0,0,0,0,0,20230925,20231001
2448,0,0,0,0,0,1,0,20231127,20231210
2449,1,0,0,1,1,1,1,20230424,20230430
2450,1,1,1,1,1,1,1,20230626,20231203
2451,1,1,1,0,0,0,0,20230619,20230625
2452,1,1,1,1,1,0,1,20230501,20230521
2453,1,1,1,1,1,0,0,20231204,20231210
2454,1,1,1,1,1,1,1,20230703,20230806
2455,1,1,1,1,0,0,0,20230807,20230813
2456,1,1,1,1,1,0,0,20230710,20230716
2457,1,0,0,0,0,0,1,20230501,20230507
2458,1,0,0,0,0,0,1,20230529,20230604
2459,1,1,1,1,1,1,1,20230424,20230813
2460,1,1,1,1,1,0,0,20230821,20230903
2461,1,0,1,0,1,0,0,20230904,20230910
2462,1,1,1,1,1,1,0,20230424,20230430
2463,1,1,0,1,1,1,0,20231030,20231105
2464,1,1,1,1,1,1,0,20231106,20231210
2465,0,0,0,0,0,1,1,20230904,20230910
2466,1,1,1,1,0,1,1,20230911,20231203
2467,0,0,1,1,1,0,0,20230807,20230813
2468,1,1,1,1,1,0,0,20230828,20230903
2469,1,1,0,0,1,1,1,20230814,20230820
2470,1,1,1,1,1,1,1,20230501,20230806
2471,0,0,0,0,0,0,1,20230424,20230430
2472,0,0,1,1,1,1,1,20230807,20230813
2473,1,1,1,1,1,1,0,20230821,20230827
2474,1,1,1,1,0,0,0,20230501,20230507
2475,1,1,1,1,1,0,0,20230508,20230514
2476,1,1,1,1,0,0,0,20230612,20230618
2477,0,1,1,1,1,1,1,20230828,20230903
2478,0,0,0,0,1,0,0,20230424,20230618
2479,0,0,0,0,1,0,0,20230828,20231210
2480,0,0,0,0,0,1,1,20230515,20230528
2481,0,0,0,0,0,0,1,20230821,20231015
2482,0,0,0,0,0,1,0,20230828,20231015
2483,1,0,0,0,0,0,0,20230807,20230813
2484,0,0,0,0,0,1,0,20230904,20230910
2485,1,1,0,0,0,0,1,20230828,20230903
2486,1,0,0,0,1,1,1,20230619,20230625
2487,1,1,1,1,1,1,1,20230619,20231203
2488,0,0,0,1,1,1,1,20230911,20230917
2489,0,0,0,0,0,0,1,20230605,20230827
2490,1,1,1,1,1,1,1,20230814,20230910
2491,1,0,0,1,1,1,0,20230612,20230618
2492,1,1,1,1,1,1,0,20230925,20231022
2493,1,1,0,0,0,0,1,20230501,20230507
2494,1,1,1,1,1,1,1,20230515,20231203
2495,1,0,0,0,0,1,0,20230515,20230521
2496,1,1,1,1,1,0,1,20230619,20230910
2497,0,0,0,0,1,1,1,20230515,20230521
2498,0,0,0,0,0,0,1,20230605,20230702
2499,1,1,1,1,1,0,0,20230605,20230709
2500,1,1,1,1,1,1,1,20230904,20231015
2501,0,0,1,0,0,0,0,20230821,20230827
2502,1,1,1,1,1,1,1,20230424,20230917
2503,0,0,1,1,1,1,1,20230821,20230827
2504,0,0,0,0,0,1,1,20230918,20230924
2505,0,0,0,0,0,1,0,20230703,20230709
2506,0,0,0,0,1,0,0,20230807,20230827
2507,0,0,0,0,1,1,1,20230911,20230917
2508,1,1,1,1,1,1,0,20230605,20230709
2509,1,1,1,1,1,1,1,20230529,20230618
2510,1,1,1,1,1,1,0,20230619,20230625
2511,0,0,0,0,1,0,0,20230501,20230521
2512,1,1,1,1,1,1,0,20230501,20230507
2513,1,1,1,1,1,1,0,20230515,20230521
2514,1,1,1,1,0,1,1,20230501,20230618
2515,1,1,1,1,0,1,1,20230828,20231203
2516,1,1,1,1,1,1,1,20230522,20230625
2517,1,1,1,1,1,0,0,20230605,20230903
2518,1,1,1,1,1,0,0,20230904,20231015
2519,1,0,1,1,1,1,1,20230529,20230604
2520,1,1,1,1,1,1,1,20230626,20230709
2521,0,0,0,0,0,0,1,20230710,20230716
2522,1,1,1,1,1,0,0,20230717,20230827
2523,1,1,1,1,1,1,1,20230424,20230528
2524,1,1,1,1,1,1,1,20230605,20230618
2525,0,0,1,1,1,0,1,20230605,20230611
2526,0,0,0,1,1,0,0,20230619,20230625
2527,1,1,1,0,1,0,0,20230605,20230611
2528,0,0,0,0,1,1,0,20231204,20231210
2529,1,0,0,0,0,0,0,20230424,20230430
2530,1,1,1,1,1,1,0,20230710,20230716
2531,1,1,1,1,1,0,0,20230605,20230716
2532,1,1,1,1,1,0,0,20230807,20230813
2533,1,1,1,1,0,0,1,20230612,20230618
2534,1,1,1,1,1,0,1,20230501,20230514
2535,1,0,0,1,1,1,1,20230522,20230528
2536,0,0,0,0,0,1,1,20230724,20231022
2537,1,1,0,0,1,1,1,20230501,20230507
2538,1,1,1,1,0,1,1,20230508,20230514
2539,1,1,0,0,0,0,0,20230731,20230806
2540,1,1,1,1,1,1,1,20230424,20230924
2541,1,1,1,1,1,1,1,20230904,20231029
2542,0,0,1,1,1,0,0,20230925,20231001
2543,1,1,1,1,1,0,0,20230925,20231001
2544,0,0,1,1,1,0,0,20230828,20230903
2545,0,0,0,1,1,1,0,20230821,20230917
2546,1,1,1,1,1,1,1,20230501,20230618
2547,0,0,1,1,0,1,1,20230522,20230528
2548,0,0,1,1,1,1,1,20230619,20230625
2549,0,0,0,0,1,1,1,20231016,20231022
2550,0,0,0,0,1,1,0,20231106,20231210
2551,0,1,0,1,0,0,0,20230619,20230625
2552,0,1,0,0,1,0,1,20230828,20230917
2553,0,0,1,1,1,1,1,20230717,20230723
2554,1,1,1,1,1,1,1,20230724,20230730
2555,1,1,1,1,1,1,0,20230710,20230827
2556,1,0,1,1,0,1,0,20230828,20230903
2557,1,1,1,1,0,0,0,20230619,20230709
2558,1,0,0,0,0,0,0,20230529,20230604
2559,0,0,0,0,0,0,1,20230911,20231015
2560,0,0,1,1,1,0,0,20230904,20230910
2561,0,0,0,0,0,1,1,20230814,20230820
2562,1,0,0,1,1,1,1,20230821,20230827
2563,1,1,1,1,1,1,1,20230508,20230611
2564,1,1,1,1,1,1,0,20230626,20230709
2565,0,0,0,0,0,1,1,20230619,20230709
2566,1,1,1,1,1,1,1,20230626,20230702
2567,0,0,0,0,0,1,1,20230710,20231022
2568,1,1,1,1,1,0,0,20230619,20230709
2569,0,0,0,0,0,0,1,20230529,20230611
2570,0,0,0,0,0,1,0,20230731,20231015
2571,1,1,0,1,1,1,1,20230522,20230528
2572,0,0,1,0,0,0,0,20230522,20230528
2573,0,0,0,0,0,1,1,20230918,20231022
2574,0,0,0,1,1,1,1,20231016,20231022
2575,0,0,0,1,1,1,0,20231106,20231210
2576,1,1,1,1,0,0,0,20231127,20231203
2577,1,1,1,0,0,0,0,20230925,20231001
2578,1,1,1,1,1,1,1,20230508,20230618
2579,1,1,1,1,1,0,0,20230619,20230702
2580,0,0,0,0,0,1,1,20230724,20230730
2581,0,1,1,1,1,0,0,20230522,20230528
2582,1,1,1,1,1,0,1,20230612,20230625
2583,0,0,0,0,1,1,1,20230724,20230730
2584,1,0,0,0,0,0,0,20231016,20231022
2585,0,0,0,0,1,1,1,20230821,20230827
2586,1,1,1,1,0,0,0,20230821,20230827
2587,1,1,1,1,1,1,0,20231106,20231203
2588,1,0,1,1,1,1,0,20230814,20230820
2589,1,0,1,1,1,0,1,20231030,20231105
2590,0,0,0,1,0,1,0,20231204,20231210
2591,1,1,1,1,1,1,0,20230612,20230625
2592,0,0,0,0,1,1,0,20230605,20230611
2593,0,0,0,0,0,1,1,20230529,20230611
2594,1,1,1,1,1,1,1,20230703,20230723
2595,0,1,1,1,1,1,1,20230911,20230917
2596,1,1,1,1,1,1,1,20231023,20231203
2597,0,0,0,0,1,0,0,20230828,20230910
2598,0,0,0,0,1,1,0,20230828,20230903
2599,1,0,0,0,1,1,1,20230710,20230716
2600,1,0,0,0,0,0,0,20231002,20231008
2601,1,1,1,1,1,0,1,20230529,20230910
2602,0,0,0,1,1,0,1,20230911,20230917
2603,0,1,1,1,1,1,1,20230918,20230924
2604,1,1,1,1,0,0,0,20230828,20230903
2605,0,0,0,0,0,1,1,20230605,20231022
2606,0,0,0,0,0,1,1,20230605,20230827
2607,1,1,1,1,1,1,1,20230424,20231203
2608,1,1,0,0,0,0,0,20230626,20230702
2609,1,1,1,1,1,0,0,20230522,20230528
2610,1,1,0,1,1,0,1,20231030,20231105
2611,1,1,1,1,1,1,1,20230522,20230604
2612,1,1,1,1,1,1,1,20230814,20230827
2613,0,1,1,1,1,1,1,20230731,20230806
2614,0,1,0,1,1,1,1,20231030,20231105
2615,0,0,0,0,0,1,1,20230626,20230702
2616,1,1,1,1,1,1,1,20230717,20230917
2617,1,1,1,1,1,1,1,20230424,20230903
2618,0,0,0,0,1,1,1,20230904,20230910
2619,1,1,1,1,0,0,0,20230904,20230910
2620,0,0,0,0,0,0,1,20230828,20231015
2621,0,0,0,0,0,0,1,20230612,20230709
2622,1,1,0,0,1,0,0,20230814,20230820
2623,1,1,1,1,1,1,1,20230424,20230625
2624,1,1,0,1,1,0,0,20230814,20230820
2625,1,1,0,0,0,0,0,20230807,20230813
2626,1,1,1,1,0,0,0,20230626,20230702
2627,1,1,1,1,1,1,1,20230508,20230827
2628,0,0,0,0,0,0,1,20230807,20230820
2629,0,0,0,0,0,1,1,20230501,20230507
2630,0,0,1,1,0,0,0,20230904,20230910
2631,0,0,0,0,0,1,0,20230501,20230521
2632,0,0,0,0,0,1,1,20230925,20231022
2633,1,1,1,1,0,0,0,20230605,20230618
2634,0,0,1,1,1,0,1,20230501,20230507
2635,1,1,1,1,1,1,1,20230424,20230521
2636,0,0,0,0,0,1,1,20230911,20231022
2637,0,0,0,0,1,1,0,20230904,20230910
2638,1,1,1,0,0,0,0,20230911,20230917
2639,0,0,0,0,0,1,0,20230911,20230917
2640,1,1,1,1,1,1,0,20230619,20230702
2641,1,1,1,1,1,1,0,20230605,20230806
2642,0,0,1,1,1,0,1,20230612,20230618
2643,1,0,0,0,0,0,0,20230918,20230924
2644,0,0,1,0,0,0,0,20230612,20230618
2645,1,1,1,1,1,1,1,20230529,20230611
2646,0,0,0,0,1,1,0,20230612,20230618
2647,0,0,1,1,1,1,1,20230612,20230618
2648,1,1,1,1,1,1,1,20230619,20230820
2649,1,1,1,1,1,0,1,20230717,20230723
2650,0,0,0,0,1,0,0,20230424,20230430
2651,1,1,1,1,1,1,1,20230828,20230903
2652,1,1,1,1,0,1,1,20230904,20230910
2653,0,0,0,0,0,1,0,20230710,20230716
2654,1,1,1,1,1,1,0,20230731,20230806
2655,1,1,1,1,1,0,0,20230612,20230730
2656,1,1,0,0,0,0,0,20230522,20230528
2657,1,1,1,1,1,1,1,20230501,20230521
2658,1,1,1,0,0,0,0,20230717,20230723
2659,1,1,1,1,1,1,0,20230724,20230806
2660,1,1,1,1,1,0,0,20230724,20230806
2661,1,1,1,1,1,0,0,20230626,20231022
2662,1,1,1,1,1,1,1,20230605,20230730
2663,1,1,0,0,0,0,0,20230605,20230611
2664,0,0,0,0,1,1,1,20230605,20230806
2665,0,0,0,0,0,1,1,20230612,20230813
2666,0,1,0,0,0,1,1,20230814,20230820
2667,0,0,0,1,1,1,0,20230828,20230917
2668,0,0,0,1,1,1,1,20230918,20230924
2669,1,1,1,1,1,0,0,20230724,20231022
2670,0,0,1,1,1,0,0,20230821,20230827
2671,0,0,1,1,0,0,0,20230501,20230507
2672,1,1,1,1,1,1,1,20230515,20230709
2673,0,1,1,0,0,0,0,20230501,20230507
2674,1,1,1,1,1,1,1,20230424,20230702
2675,0,1,1,1,0,0,0,20230424,20230430
2676,1,1,1,1,0,1,1,20230529,20230618
2677,0,1,1,0,0,0,0,20230731,20230806
2678,1,1,1,1,0,0,0,20230925,20231001
2679,0,1,0,0,1,1,0,20231030,20231105
2680,1,1,1,1,1,0,0,20230710,20230730
2681,1,0,0,0,0,0,1,20230508,20230514
2682,0,1,1,1,1,1,0,20230508,20230514
2683,1,1,1,1,0,1,0,20230911,20230917
2684,1,1,0,0,0,0,0,20230710,20230716
2685,1,0,0,1,1,1,0,20230605,20230611
2686,1,1,1,1,1,1,1,20230501,20230827
2687,0,0,0,0,0,0,1,20230529,20230604
2688,0,0,0,0,1,1,0,20230619,20230625
2689,1,1,1,1,1,1,1,20230710,20231203
2690,1,1,0,0,0,0,1,20230619,20230625
2691,1,1,1,1,1,1,0,20230605,20230730
2692,1,1,1,0,0,0,0,20230529,20230604
2693,0,0,0,0,0,1,1,20231023,20231029
2694,1,1,1,1,1,1,0,20230814,20230903
2695,0,0,0,0,1,1,1,20230904,20230917
2696,1,1,1,1,1,1,1,20231030,20231203
2697,0,0,0,0,0,1,1,20230731,20230813
2698,1,1,1,1,1,1,1,20230710,20230730
2699,1,0,0,0,0,0,0,20231030,20231210
2700,0,0,0,1,1,1,0,20230529,20230806
2701,1,0,0,1,1,1,1,20230814,20230820
2702,0,0,0,0,1,1,0,20231002,20231015
2703,1,1,1,1,1,1,1,20230731,20230806
2704,0,0,1,0,0,1,0,20230605,20230611
2705,0,0,0,1,0,0,0,20230605,20230611
2706,1,1,1,0,1,1,0,20231023,20231029
2707,0,0,0,1,0,0,1,20231023,20231029
2708,0,0,0,0,0,1,0,20230911,20231022
2709,0,0,0,0,0,0,1,20231106,20231112
2710,1,1,1,1,1,1,1,20230814,20230917
2711,1,0,0,0,0,1,1,20230515,20230521
2712,1,1,1,1,0,0,0,20230814,20230820
2713,1,1,1,1,1,1,0,20230807,20230820
2714,1,0,0,0,0,1,0,20230605,20230611
2715,0,1,1,1,0,0,0,20230626,20230702
2716,1,1,1,1,1,1,1,20230731,20230813
2717,0,0,1,1,1,0,0,20230814,20230820
2718,1,1,1,1,0,0,0,20230529,20230604
2719,1,1,1,1,1,0,0,20230731,20230806
2720,0,0,0,0,1,0,0,20230522,20230618
2721,1,0,0,0,0,0,0,20230626,20230702
2722,0,0,1,1,1,0,0,20230710,20230716
2723,0,0,0,0,1,0,1,20230605,20230730
2724,1,1,1,1,1,1,1,20230515,20230618
2725,1,1,1,1,1,1,1,20230724,20230827
2726,1,1,1,1,0,0,1,20230828,20231015
2727,1,1,1,1,1,1,1,20230626,20230910
2728,1,1,1,1,1,1,1,20230501,20230820
2729,1,1,1,1,1,1,1,20230911,20230924
2730,0,0,0,0,0,1,1,20230424,20230430
2731,0,0,1,0,0,1,1,20231030,20231105
2732,1,1,1,1,1,1,1,20230424,20230618
2733,1,1,1,1,1,0,1,20230605,20230806
2734,1,1,1,1,1,0,0,20230807,20230827
2735,1,1,1,1,1,0,0,20230605,20230806
2736,0,0,1,0,0,0,0,20231030,20231105
2737,0,1,1,1,1,0,0,20230424,20230507
2738,0,0,0,0,1,0,0,20230828,20230903
2739,0,0,1,1,1,0,0,20231023,20231029
2740,0,0,0,0,0,1,0,20231204,20231210
2741,0,0,0,0,0,1,1,20230710,20230716
2742,0,0,0,0,0,0,1,20231030,20231203
2743,0,0,0,0,0,0,1,20230605,20230611
2744,1,1,1,1,1,0,0,20230821,20230827
2745,1,1,1,1,1,1,1,20230821,20231203
2746,0,1,1,1,1,1,0,20231023,20231029
2747,1,1,1,1,1,0,0,20230605,20230813
2748,1,1,1,1,1,0,0,20230911,20231022
2749,1,1,1,1,1,0,0,20230807,20231022
2750,0,0,0,0,0,0,1,20230814,20230820
2751,1,0,0,0,0,0,0,20230904,20230910
2752,0,0,0,0,0,1,0,20230424,20231210
2753,1,0,0,0,0,1,1,20230904,20230910
2754,1,1,1,1,1,0,0,20230605,20230730
2755,1,1,1,1,1,1,1,20230612,20230625
2756,0,0,0,0,0,0,1,20230612,20230625
2757,0,0,0,0,0,0,1,20230605,20230806
2758,0,0,0,0,0,0,1,20231106,20231203
2759,0,0,0,0,0,0,1,20230501,20230507
2760,0,0,0,0,0,1,0,20230501,20230507
2761,0,0,0,0,0,1,0,20231106,20231210
2762,1,1,1,1,1,0,0,20230925,20231022
2763,0,0,0,1,1,1,1,20231030,20231105
2764,1,1,1,1,1,1,1,20230814,20231203
2765,1,0,0,1,1,1,1,20230626,20230702
2766,1,1,1,1,1,1,1,20230828,20230924
2767,1,1,1,1,0,0,0,20230828,20230924
2768,0,0,0,0,0,1,0,20230821,20230827
2769,0,0,0,0,0,1,0,20230522,20230528
2770,0,0,0,0,0,1,0,20230529,20230806
2771,0,0,0,0,0,0,1,20230904,20230910
2772,0,0,0,0,0,1,0,20230828,20230903
2773,1,1,1,1,1,1,1,20231002,20231203
2774,0,1,1,1,0,0,0,20230911,20230917
2775,0,0,0,0,1,1,0,20230522,20230528
2776,0,0,1,1,1,1,0,20230807,20230813
2777,0,1,0,0,0,0,0,20230918,20230924
2778,1,1,1,1,1,1,0,20230508,20230514
2779,1,1,1,1,1,1,0,20230828,20231022
2780,0,0,0,0,1,0,0,20230918,20230924
2781,1,1,1,1,1,1,1,20230501,20230507
2782,0,0,0,0,0,0,1,20230605,20231022
2783,0,0,0,0,1,1,1,20230619,20230827
2784,1,1,1,1,1,1,1,20230710,20230806
2785,1,1,1,1,1,1,1,20230522,20230611
2786,1,1,1,1,1,1,0,20230605,20230917
2787,0,0,0,0,0,1,1,20230626,20230709
2788,1,0,0,0,0,1,1,20230807,20230813
2789,1,1,1,1,0,1,1,20230918,20231203
2790,0,0,0,0,1,0,0,20230925,20231210
2791,1,1,1,1,1,1,1,20230904,20230910
2792,1,1,1,1,0,0,0,20230911,20230917
2793,0,0,0,1,1,1,1,20230424,20230430
2794,1,1,1,1,1,1,1,20230529,20230806
2795,1,1,1,1,1,1,1,20230508,20230702
2796,0,0,0,0,0,1,1,20230619,20230625
2797,0,1,1,1,1,1,1,20230501,20230507
2798,0,0,1,1,1,0,0,20230522,20230528
2799,0,0,1,1,1,1,1,20230522,20230528
2800,0,0,0,1,1,1,1,20230717,20230723
2801,0,0,0,1,1,0,0,20230717,20230723
2802,0,0,0,0,0,0,1,20230717,20230806
2803,1,1,1,1,1,1,1,20230424,20230507
2804,1,1,1,1,0,1,1,20230522,20230528
2805,1,1,0,0,1,1,1,20230619,20230625
2806,0,0,0,0,0,1,1,20230612,20230709
2807,0,0,0,1,0,0,0,20230619,20230625
2808,1,1,1,0,1,0,0,20230515,20230521
2809,0,0,0,1,0,1,1,20230515,20230521
2810,0,0,0,0,0,1,1,20230605,20230730
2811,1,1,1,1,1,1,1,20230424,20230820
2812,1,1,1,1,1,0,0,20230605,20230820
2813,1,1,1,1,1,0,0,20230717,20230723
2814,1,1,1,1,1,1,1,20230515,20230924
2815,1,1,1,1,0,1,1,20230807,20230813
2816,1,1,1,0,0,1,1,20231030,20231105
2817,0,0,0,1,1,1,1,20230515,20230521
2818,1,1,1,1,1,0,0,20230918,20231022
2819,0,0,0,0,1,0,0,20230424,20230507
2820,1,1,1,1,1,0,0,20230605,20230625
2821,1,1,1,1,1,0,0,20230605,20230924
2822,1,1,1,1,1,0,0,20231002,20231022
2823,0,0,0,0,0,1,1,20230925,20231001
2824,1,1,1,1,1,1,1,20230501,20231029
2825,0,0,0,1,1,1,0,20230821,20230924
2826,1,1,1,1,0,0,1,20230529,20230611
2827,1,1,1,1,0,0,1,20230828,20230924
2828,0,0,0,0,0,1,1,20230703,20230716
2829,0,0,0,0,1,1,1,20230703,20230716
2830,1,1,1,1,1,1,1,20230522,20230618
2831,1,0,0,0,0,0,1,20230918,20230924
2832,1,1,1,1,1,1,0,20230904,20230910
2833,1,1,1,1,1,1,0,20230918,20231022
2834,1,1,0,0,0,0,0,20230703,20230709
2835,0,1,1,1,1,1,1,20230508,20230514
2836,0,0,0,0,1,0,0,20230605,20230611
2837,0,1,1,1,1,1,0,20230501,20230514
2838,1,1,1,1,1,1,0,20230515,20230702
2839,0,0,0,0,0,0,1,20230612,20230820
2840,1,1,1,1,0,0,0,20230717,20230827
2841,0,0,0,0,0,1,0,20230605,20230827
2842,1,1,1,1,1,0,0,20230626,20230806
2843,1,1,1,1,1,1,0,20230626,20231022
2844,0,0,0,0,0,1,0,20230529,20230730
2845,0,0,0,0,1,1,0,20230501,20230514
2846,0,0,0,0,1,1,0,20230501,20230507
2847,0,0,0,1,1,1,1,20230522,20230528
2848,1,1,0,0,0,0,0,20230529,20230604
2849,1,1,1,1,1,0,0,20230717,20230903
2850,0,0,0,0,0,0,1,20230717,20231015
2851,1,1,1,1,1,1,1,20230821,20230827
2852,0,0,0,0,0,0,1,20230626,20230702
2853,1,1,1,1,1,1,1,20230522,20230917
2854,1,1,1,0,0,0,1,20230515,20230521
2855,0,0,0,0,0,1,1,20230626,20230827
2856,1,1,0,1,1,0,1,20230605,20230611
2857,1,1,1,1,0,0,0,20230724,20230730
2858,0,1,1,1,1,1,1,20231016,20231022
2859,1,1,0,0,0,0,0,20231016,20231022
2860,1,1,1,1,1,0,1,20230703,20230806
2861,1,1,1,1,0,1,1,20230724,20230730
2862,0,0,0,0,1,0,0,20230724,20230730
2863,1,0,0,0,0,1,1,20230424,20230430
2864,1,1,1,0,1,1,0,20230515,20230521
2865,0,0,0,1,1,1,1,20230925,20231001
2866,1,1,1,1,1,1,1,20231030,20231105
2867,0,0,1,1,1,1,0,20230605,20230611
2868,1,1,1,0,0,0,0,20230703,20230730
2869,1,0,0,0,0,0,0,20230710,20230716
2870,0,1,1,1,1,1,1,20230710,20230716
2871,1,0,0,0,0,1,1,20230508,20230521
2872,1,1,0,0,0,1,1,20230814,20230820
2873,0,1,1,1,1,0,1,20230814,20230820
2874,1,1,1,1,1,1,1,20230710,20230903
2875,1,1,1,1,1,0,1,20230710,20230806
2876,0,1,1,1,1,1,0,20230619,20230625
2877,1,1,1,1,0,1,1,20230424,20230430
2878,1,1,1,1,0,1,1,20230529,20230730
2879,1,1,1,1,0,0,0,20230918,20230924
2880,1,0,0,0,0,0,1,20230626,20230702
2881,1,0,0,0,1,0,1,20231023,20231029
2882,1,1,1,1,1,1,1,20230703,20230820
2883,1,1,1,0,1,1,1,20230904,20230910
2884,0,0,0,0,1,1,1,20230925,20231001
2885,1,1,1,1,1,0,0,20230821,20230924
2886,1,1,1,1,1,1,0,20230828,20230924
2887,0,1,1,1,1,0,0,20231023,20231029
2888,1,1,1,1,1,0,0,20231106,20231210
2889,1,1,0,0,0,0,0,20230501,20230507
2890,1,1,1,1,1,0,1,20230925,20231015
2891,1,1,1,1,1,0,1,20231106,20231203
2892,1,1,1,1,1,1,1,20230605,20230625
2893,0,0,1,1,1,1,1,20230626,20230702
2894,1,1,1,1,1,1,1,20230807,20230827
2895,1,1,1,1,1,1,1,20230424,20230730
2896,1,1,1,1,1,1,1,20230605,20230806
2897,0,1,1,1,1,1,1,20231106,20231203
2898,1,1,1,1,1,1,1,20230619,20230625
2899,1,0,0,1,1,1,1,20230918,20230924
2900,0,1,1,1,1,1,0,20230529,20230604
2901,1,1,1,1,1,1,0,20230605,20230813
2902,0,1,0,1,0,0,0,20230904,20230910
2903,1,1,1,1,1,1,1,20230821,20230903
2904,1,1,1,1,0,1,1,20230424,20230903
2905,0,1,1,1,1,0,0,20230904,20230910
2906,0,0,0,0,0,1,1,20230605,20230611
2907,1,1,1,0,0,0,0,20230626,20230702
2908,0,0,0,0,1,1,1,20230626,20230702
2909,0,0,0,0,0,0,1,20230508,20230528
2910,0,0,0,0,0,0,1,20230821,20231022
2911,1,1,1,1,1,1,1,20230814,20230820
2912,1,1,1,1,1,0,1,20230529,20230806
2913,1,1,1,1,1,1,1,20230508,20230806
2914,1,1,1,1,1,0,0,20230529,20230611
2915,1,1,1,1,0,0,0,20230515,20230528
2916,0,0,1,0,0,0,0,20230424,20230430
2917,0,0,0,0,1,1,1,20230522,20230528
2918,0,0,0,0,1,1,0,20230529,20230611
2919,0,0,0,0,0,1,1,20230807,20230820
2920,0,0,0,0,0,1,1,20230605,20230806
2921,1,1,1,1,0,0,1,20230619,20230827
2922,1,0,0,0,0,1,1,20230911,20230917
2923,0,0,0,0,0,0,1,20230508,20230514
2924,1,1,1,1,1,1,0,20230814,20230827
2925,0,0,0,1,0,0,0,20230918,20230924
2926,1,1,1,1,1,1,1,20230522,20231203
2927,0,0,0,1,1,1,0,20230619,20230827
2928,1,0,0,1,1,0,0,20230918,20230924
2929,1,1,1,1,1,1,0,20230807,20230827
2930,1,1,1,1,1,1,1,20230626,20230730
2931,0,0,0,0,0,0,1,20230828,20230917
2932,1,1,1,1,0,1,1,20230828,20230903
2933,1,1,1,0,0,0,0,20230515,20230521
2934,1,1,1,1,1,0,0,20230619,20231022
2935,1,1,1,1,1,1,0,20230828,20231015
2936,1,1,1,1,1,0,1,20230612,20230827
2937,0,1,0,0,0,0,0,20230529,20230604
2938,0,0,0,0,1,1,1,20230619,20230709
2939,0,0,0,0,0,1,1,20230724,20230806
2940,0,0,1,1,1,0,1,20230807,20230813
2941,1,1,1,1,0,1,1,20230424,20230618
2942,1,1,0,0,0,1,1,20230619,20230625
2943,1,1,1,1,0,1,1,20230626,20231203
2944,1,1,1,0,1,1,1,20230619,20230625
2945,0,0,0,0,1,1,1,20230828,20231022
2946,1,1,1,0,1,0,0,20231023,20231029
2947,1,1,1,1,0,0,0,20231204,20231210
2948,0,0,0,1,0,1,1,20230605,20230611
2949,1,0,0,0,1,1,1,20230911,20230917
2950,1,0,0,0,0,0,0,20230522,20230528
2951,1,1,1,1,1,0,0,20230911,20230917
2952,0,0,0,0,0,1,1,20230619,20231022
2953,1,1,1,0,0,0,0,20230918,20230924
2954,1,1,1,1,1,1,1,20230828,20230910
2955,1,1,1,1,1,0,0,20230814,20230820
2956,0,0,1,1,1,1,1,20230703,20230716
2957,1,0,0,1,1,1,1,20230605,20230611
2958,1,1,1,1,1,1,1,20230612,20231203
2959,1,1,0,0,1,1,1,20230605,20230611
2960,1,1,1,1,1,0,1,20230529,20230709
2961,1,1,1,1,1,0,0,20230612,20231022
2962,0,0,1,1,0,0,0,20230605,20230611
2963,0,0,0,1,1,0,0,20231030,20231105
2964,1,1,1,1,1,0,0,20230710,20230827
2965,1,1,1,0,0,0,1,20230821,20230827
2966,0,0,0,0,0,1,1,20230619,20230806
2967,1,0,0,0,0,1,0,20230911,20230917
2968,1,1,1,1,1,1,0,20230814,20231022
2969,1,0,0,0,0,0,0,20230703,20230709
2970,1,1,1,1,1,0,0,20230814,20230910
2971,1,1,1,1,1,1,0,20231120,20231210
2972,0,0,0,1,1,0,0,20230626,20230702
2973,1,1,1,1,1,1,0,20230619,20231022
2974,0,0,0,0,0,1,1,20230807,20231022
2975,1,0,1,0,0,1,0,20230828,20230924
2976,1,0,0,0,0,0,0,20230605,20230611
2977,0,0,1,1,0,0,0,20230522,20230528
2978,1,1,1,1,0,0,1,20230529,20230604
2979,1,1,1,1,1,0,1,20230522,20230528
2980,1,1,1,1,1,0,0,20230605,20230910
2981,0,0,0,1,1,0,0,20230529,20230604
2982,1,1,1,1,1,1,1,20230710,20230716
2983,0,0,0,1,1,1,1,20230626,20230702
2984,0,0,0,0,0,1,1,20230501,20230514
2985,1,1,1,1,1,1,0,20230807,20231015
2986,1,1,1,1,1,1,1,20230515,20230604
2987,1,0,1,1,0,1,1,20230529,20230604
2988,1,1,1,1,1,1,1,20230501,20230730
2989,1,1,1,1,1,1,1,20230619,20230730
2990,1,1,1,1,1,1,0,20230501,20230521
2991,0,0,0,0,0,1,0,20230626,20230702
2992,0,0,0,0,1,1,1,20230807,20230827
2993,1,0,0,0,1,1,1,20230821,20230827
2994,1,1,1,1,1,1,0,20230619,20230709
2995,0,0,0,0,0,1,0,20230529,20230611
2996,0,0,0,0,0,1,0,20230619,20231015
2997,1,0,0,0,0,0,0,20230508,20230528
2998,0,1,0,0,0,0,0,20231023,20231029
2999,0,0,0,1,1,1,0,20230828,20231015
3000,1,0,0,0,0,0,0,20230724,20230730
3001,0,0,0,1,1,1,1,20230529,20230604
3002,1,1,1,1,1,1,1,20230828,20231015
3003,0,0,0,0,0,1,0,20230612,20230625
3004,0,0,0,0,0,0,1,20230807,20230813
3005,0,1,0,0,0,0,1,20230814,20230820
3006,0,0,0,0,0,1,0,20230508,20230521
3007,1,1,1,0,0,0,0,20231009,20231015
3008,0,0,0,1,0,0,1,20230605,20230611
3009,0,1,1,1,1,0,0,20230508,20230521
3010,1,0,0,0,1,0,0,20230626,20230702
3011,0,1,1,1,1,1,1,20230821,20230827
3012,0,0,0,0,0,1,0,20230821,20230910
3013,1,1,1,1,1,0,0,20230703,20230806
3014,0,1,0,1,1,1,0,20230529,20230604
3015,1,1,1,1,1,1,1,20230814,20230903
3016,0,0,0,1,1,0,0,20230828,20230903
3017,0,1,1,1,0,0,0,20230710,20230716
3018,1,1,1,1,1,1,1,20230904,20230917
3019,1,1,1,1,1,1,1,20230508,20230528
3020,1,0,0,0,1,0,1,20230529,20230604
3021,1,1,1,1,0,0,0,20230717,20230723
3022,1,0,0,0,0,1,1,20230925,20231001
3023,0,0,1,1,1,0,0,20230605,20230611
3024,1,1,1,1,1,1,1,20231002,20231015
3025,1,1,1,1,1,0,0,20230612,20230827
3026,1,0,0,0,0,1,1,20230501,20230507
3027,1,0,0,0,0,1,1,20230529,20230604
3028,0,1,1,1,1,0,0,20230501,20230507
3029,0,1,1,1,1,0,0,20230529,20230604
3030,1,1,1,1,1,0,0,20230605,20231022
3031,1,1,1,1,1,0,0,20230605,20230611
3032,1,1,1,1,1,0,1,20230529,20230604
3033,1,1,1,1,1,0,1,20230807,20230827
3034,1,1,1,1,1,0,1,20231023,20231029
3035,1,1,1,1,1,0,0,20230828,20231022
3036,1,1,1,1,1,1,1,20230807,20231203
3037,1,1,1,1,1,1,1,20230717,20231203
3038,1,1,1,1,1,0,0,20230612,20230618
3039,1,1,1,1,1,1,1,20230925,20231203
3040,0,0,0,0,0,0,1,20230508,20230521
3041,1,1,0,1,1,1,1,20230814,20230820
3042,0,1,1,1,1,1,0,20230501,20230507
3043,1,1,0,1,1,1,0,20230814,20230820
3044,1,1,1,1,1,1,0,20230911,20231022
3045,0,0,0,0,1,1,1,20230605,20230611
3046,0,0,0,0,0,0,1,20230710,20231015
3047,0,0,0,0,0,0,1,20230821,20230827
3048,0,0,0,0,0,1,1,20230529,20230604
3049,0,0,1,1,1,1,1,20230501,20230507
3050,1,1,1,1,0,0,0,20230522,20230528
3051,1,1,1,1,1,1,1,20230424,20230514
3052,1,1,1,1,1,0,0,20230828,20230910
3053,0,1,1,0,0,0,0,20230626,20230702
3054,0,0,0,0,1,1,1,20230612,20230618
3055,1,1,1,1,1,0,0,20230515,20230528
3056,0,1,1,1,0,0,0,20230529,20230604
3057,0,0,0,0,1,1,0,20230828,20230924
3058,1,1,0,1,1,1,1,20230529,20230604
3059,0,0,0,1,1,0,0,20230522,20230528
3060,0,0,0,0,0,1,1,20230605,20230618
3061,1,1,0,0,0,0,1,20230904,20230910
3062,0,1,1,1,0,0,0,20230619,20230625
3063,0,1,1,0,0,0,0,20230904,20230910
3064,1,0,1,0,1,1,0,20230925,20231001
3065,0,1,0,1,0,0,1,20230925,20231001
3066,1,1,1,1,1,1,1,20230501,20231203
3067,1,1,1,1,0,0,0,20230515,20230521
3068,0,0,0,1,0,0,0,20230911,20230917
3069,1,1,1,1,1,1,0,20230605,20230611
3070,0,0,1,0,0,0,0,20230918,20230924
3071,1,1,1,1,1,0,1,20230515,20230521
3072,1,1,1,1,1,0,1,20230529,20231015
3073,0,0,0,0,1,0,1,20230515,20230521
3074,0,0,0,0,0,1,0,20230424,20230430
3075,1,1,1,1,1,1,1,20230529,20230604
3076,1,1,1,1,1,0,0,20230710,20230806
3077,0,0,0,0,0,1,1,20230904,20231015
3078,1,1,1,1,1,1,1,20230619,20230917
3079,1,1,0,0,0,0,0,20230612,20230618
3080,0,0,0,0,0,1,1,20230821,20230924
3081,0,0,0,0,0,1,0,20230619,20230625
3082,0,0,0,0,0,0,1,20230619,20230625
3083,0,0,0,0,0,1,1,20230619,20230827
3084,0,0,1,1,1,1,0,20230710,20230716
3085,1,1,1,0,0,0,0,20230710,20230716
3086,1,1,1,1,1,1,1,20230724,20230806
3087,1,1,1,1,1,1,1,20230529,20230903
3088,1,1,1,1,1,1,1,20230918,20230924
3089,1,1,1,1,1,1,0,20230612,20230827
3090,0,0,0,0,0,0,1,20230515,20230521
3091,1,1,1,0,0,0,0,20230424,20230430
3092,1,1,1,1,1,1,1,20230424,20230827
3093,0,0,0,0,0,0,1,20230925,20231015
3094,0,0,0,0,0,0,1,20230501,20230514
3095,0,1,0,0,0,0,0,20230619,20230702
3096,0,0,0,0,1,0,0,20230501,20230618
3097,0,0,1,1,1,0,0,20230612,20230618
3098,1,1,1,1,1,1,0,20230605,20230716
3099,1,1,1,1,1,1,0,20230807,20231022
3100,0,0,1,1,1,0,0,20230424,20230430
3101,0,0,0,0,0,1,1,20230911,20230924
3102,0,0,0,0,0,1,0,20230508,20230514
3103,0,0,0,0,1,1,1,20230717,20230827
3104,0,0,0,0,0,1,0,20230807,20230813
3105,0,0,0,0,1,0,0,20230807,20230813
3106,1,1,1,1,1,0,1,20230814,20230820
3107,1,1,1,1,1,0,1,20230828,20230903
3108,1,1,1,1,1,1,1,20230424,20230910
3109,1,1,1,0,1,1,1,20230911,20230917
3110,1,1,1,1,1,0,1,20230612,20231015
3111,1,1,1,0,0,1,1,20230619,20230625
3112,0,0,0,0,0,1,1,20230626,20231022
3113,0,0,0,0,1,1,1,20231106,20231203
3114,1,1,1,1,1,0,0,20230821,20231022
3115,1,1,1,1,1,0,0,20231106,20231203
3116,0,0,0,1,0,1,1,20231023,20231029
3117,1,0,0,1,0,1,1,20231023,20231029
3118,1,1,1,1,1,1,1,20230626,20230806
3119,0,1,1,1,1,0,0,20230508,20230514
3120,0,1,1,1,1,0,0,20230522,20230604
3121,1,1,0,0,0,0,1,20230821,20230827
3122,0,1,1,0,0,0,0,20230605,20230611
3123,0,0,0,0,0,1,1,20230619,20230924
3124,0,0,0,0,1,0,1,20230501,20230521
3125,0,0,0,0,1,0,0,20230529,20230604
3126,0,1,1,0,0,0,0,20230522,20230528
3127,1,1,1,1,1,0,1,20230612,20230618
3128,1,1,0,0,0,0,0,20230619,20230625
3129,1,1,1,1,1,1,1,20230612,20230618
3130,1,1,1,1,1,1,1,20230807,20230820
3131,0,1,1,0,0,0,0,20230828,20230903
3132,0,0,0,0,0,0,1,20230925,20231001
3133,1,1,1,1,0,0,0,20231016,20231022
3134,1,0,1,1,0,0,1,20231030,20231105
3135,1,1,1,1,0,0,1,20231106,20231203
3136,0,0,0,0,1,1,0,20230828,20231015
3137,0,0,0,0,1,1,0,20231023,20231029
3138,1,1,1,1,1,0,1,20230814,20230827
3139,1,1,1,0,0,0,1,20230828,20230903
3140,0,1,0,0,1,0,0,20230918,20230924
3141,1,1,1,1,1,1,1,20230508,20231203
3142,1,1,1,1,1,1,0,20230918,20231029
3143,1,1,1,1,1,1,1,20230501,20230716
3144,1,0,0,1,1,0,0,20230821,20230827
3145,1,0,1,0,0,0,0,20230612,20230618
3146,1,0,1,0,0,0,0,20230619,20230625
3147,1,0,0,0,0,1,0,20230529,20230604
3148,1,1,1,1,1,1,0,20230529,20230604
3149,1,1,1,1,1,0,1,20230626,20231015
3150,1,1,1,1,1,0,0,20230717,20231022
3151,0,0,0,0,0,0,1,20230828,20230910
3152,0,0,1,1,1,1,0,20230619,20230625
3153,0,1,1,1,1,1,0,20230731,20230806
3154,0,0,0,0,0,0,1,20230731,20231015
3155,1,1,1,1,0,1,1,20230529,20230604
3156,1,1,1,1,0,0,1,20230501,20230514
3157,1,1,1,1,1,1,0,20230828,20230910
3158,1,1,1,1,1,1,1,20230522,20230702
3159,0,0,0,1,1,1,0,20230821,20230827
3160,0,0,0,0,0,1,1,20230717,20230903
3161,1,0,0,0,0,0,0,20231023,20231029
3162,0,0,0,0,0,1,1,20230612,20230702
3163,1,1,1,1,1,1,0,20230626,20230702
3164,0,0,0,0,0,1,1,20230731,20231022
3165,1,1,1,1,1,1,1,20230424,20231126
3166,0,0,0,1,1,1,0,20230501,20230507
3167,0,1,1,1,1,1,1,20230619,20230625
3168,1,1,1,1,1,1,0,20230605,20230618
3169,1,1,1,1,1,1,0,20230814,20230820
3170,1,1,1,1,1,1,1,20230529,20230625
3171,1,1,1,1,0,0,0,20230710,20230716
3172,1,1,1,1,1,1,1,20230731,20230820
3173,0,0,0,0,1,1,1,20230710,20230716
3174,0,0,0,0,0,1,1,20230605,20230709
3175,0,0,0,0,0,0,1,20230911,20231022
3176,1,1,1,1,1,1,1,20230605,20230723
3177,1,1,0,1,1,0,1,20231023,20231029
3178,1,1,1,1,1,0,0,20231023,20231029
3179,0,1,1,1,1,0,0,20230424,20230430
3180,0,0,0,1,1,1,1,20230612,20230618
3181,0,0,0,1,1,0,0,20230821,20230827
3182,0,0,0,0,1,1,1,20230501,20230521
3183,1,0,0,1,1,1,1,20230703,20230730
3184,1,1,1,1,1,1,1,20230731,20230827
3185,1,1,1,1,1,1,0,20230724,20230730
3186,0,0,0,0,0,0,1,20230911,20230917
3187,1,1,1,1,1,0,1,20230710,20230716
3188,0,0,1,0,0,1,0,20230515,20230521
3189,0,0,0,1,1,1,1,20230626,20230730
3190,0,0,0,0,0,1,1,20230605,20230702
3191,0,0,0,0,1,0,0,20230911,20231210
3192,0,0,0,0,0,1,1,20230703,20230806
3193,1,1,0,0,0,1,1,20230710,20230716
3194,0,0,0,0,1,0,0,20230522,20230730
3195,0,0,0,0,1,0,0,20231016,20231022
3196,0,0,0,0,1,0,1,20231030,20231203
3197,0,1,1,1,0,0,0,20230904,20230910
3198,1,1,1,1,0,0,1,20230828,20230903
3199,1,1,1,1,0,1,1,20230424,20230611
3200,0,0,0,0,0,1,1,20230626,20230820
